      0.0000000      4.0000000
      0.3812122      3.9345949
      0.7264666      3.8665175
      1.0381210      3.7959697
      1.3184410      3.7231473
      1.5696000      3.6482400
      1.7936794      3.5714314
      1.9926682      3.4928989
      2.1684634      3.4128138
      2.3228698      3.3313412
      2.4576000      3.2486400
      2.5742746      3.1648631
      2.6744218      3.0801572
      2.7594778      2.9946628
      2.8307866      2.9085143
      2.8896000      2.8218400
      2.9370778      2.7347620
      2.9742874      2.6473962
      3.0022042      2.5598525
      3.0217114      2.4722346
      3.0336000      2.3846400
      3.0385690      2.2971601
      3.0372250      2.2098801
      3.0300826      2.1228791
      3.0175642      2.0362301
      3.0000000      1.9500000
      2.9776282      1.8642493
      2.9505946      1.7790327
      2.9189530      1.6943985
      2.8826650      1.6103889
      2.8416000      1.5270400
      2.7955354      1.4443818
      2.7441562      1.3624381
      2.6870554      1.2812266
      2.6237338      1.2007588
      2.5536000      1.1210400
      2.4759706      1.0420695
      2.3900698      0.9638404
      2.2950298      0.8863396
      2.1898906      0.8095479
      2.0736000      0.7334400
      1.9450138      0.6579844
      1.8028954      0.5831434
      1.6459162      0.5088733
      1.4726554      0.4351242
      1.2816000      0.3618400
      1.0711450      0.2889585
      0.8395930      0.2164113
      0.5851546      0.1441239
      0.3059482      0.0720157
      0.0000000      0.0000000
