 X Points
 0.
 0.38121216
 0.7264665600000001
 1.0381209599999999
 1.3184409600000002
 1.5696
 1.7936793599999996
 1.9926681600000002
 2.16846336
 2.3228697599999997
 2.4576
 2.57427456
 2.6744217599999995
 2.7594777599999993
 2.830786560000001
 2.8895999999999993
 2.93707776
 2.9742873600000004
 3.00220416
 3.0217113599999994
 3.0336
 3.0385689600000005
 3.03722496
 3.0300825600000003
 3.0175641599999987
 3.
 2.9776281599999983
 2.9505945600000008
 2.918952960000002
 2.882664960000001
 2.841599999999999
 2.7955353600000006
 2.744156160000001
 2.687055359999999
 2.6237337600000017
 2.5535999999999994
 2.4759705599999995
 2.390069760000001
 2.2950297600000003
 2.1898905599999967
 2.073599999999998
 1.9450137599999946
 1.8028953600000013
 1.6459161600000005
 1.4726553599999979
 1.2815999999999974
 1.071144959999999
 0.8395929599999956
 0.5851545599999937
 0.30594816000000025
 0.
