 Y Points
 4.
 3.934594944
 3.8665175039999995
 3.7959696639999994
 3.7231472639999996
 3.6482400000000004
 3.5714314239999996
 3.4928989440000002
 3.4128138240000006
 3.3313411840000002
 3.24864
 3.164863104
 3.0801571840000004
 2.9946627839999995
 2.908514304
 2.82184
 2.734761984
 2.647396224
 2.559852544
 2.4722346239999995
 2.38464
 2.2971600640000003
 2.209880064
 2.122879104
 2.036230144
 1.9500000000000002
 1.8642493439999999
 1.779032704
 1.6943984640000003
 1.6103888640000004
 1.5270400000000002
 1.4443818240000004
 1.3624381440000004
 1.281226624
 1.2007587840000002
 1.1210399999999998
 1.0420695039999999
 0.9638403839999999
 0.8863395839999999
 0.8095479039999992
 0.7334400000000003
 0.6579843839999987
 0.5831434239999985
 0.5088733439999988
 0.4351242239999987
 0.36183999999999855
 0.2889584639999988
 0.21641126399999933
 0.144123903999999
 0.07201574399999915
 0.
